60 200
34 15 92
15 60 19
57 25 2
53 56 69
18 1 3
38 26 91
44 50 21
40 4 39
43 19 85
50 52 54
45 4 75
56 48 77
1 9 43
38 32 58
55 4 75
30 55 29
2 55 12
39 14 98
2 47 24
12 52 20
35 8 54
15 37 22
31 60 75
7 35 6
20 5 6
11 7 71
4 44 29
15 59 97
45 22 57
45 8 87
54 19 81
44 23 46
51 25 42
24 21 91
54 22 80
5 47 54
43 25 32
4 5 37
40 59 83
40 54 59
43 15 86
55 46 85
49 30 7
15 21 44
31 7 17
14 21 71
6 16 90
20 30 100
10 28 2
18 55 52
16 24 80
26 39 23
56 4 61
3 60 43
53 23 24
20 46 100
53 37 12
21 5 48
53 1 82
39 11 46
27 38 40
43 3 20
28 21 23
29 8 48
32 47 35
59 29 17
31 19 41
26 42 5
54 11 12
7 40 72
17 50 84
26 43 74
13 38 83
1 17 20
51 30 8
3 14 30
50 53 29
47 15 69
9 43 96
16 59 50
30 15 24
55 25 36
59 25 37
53 3 6
12 16 66
17 5 93
24 6 91
5 8 72
35 27 73
26 53 100
14 51 20
37 3 31
2 19 72
29 21 78
11 13 19
54 30 88
36 47 92
2 23 87
57 19 75
42 25 83
34 59 51
25 32 37
21 60 8
9 36 50
25 6 62
41 52 14
12 44 29
10 7 69
1 16 46
26 14 71
8 16 25
10 54 86
11 10 48
13 29 83
15 3 93
8 49 71
28 56 38
52 16 8
11 34 64
8 27 67
60 8 8
27 9 29
19 25 78
33 57 83
31 35 75
27 30 90
54 33 74
31 46 37
13 37 67
52 5 58
5 19 1
16 2 56
53 40 39
4 36 42
30 28 68
13 6 42
17 28 70
19 23 72
10 15 31
44 20 16
5 58 95
15 25 46
50 39 79
31 30 26
34 41 65
55 34 38
38 60 39
23 60 67
6 15 58
60 41 4
46 17 39
5 3 32
50 35 63
58 12 49
38 8 4
35 2 43
5 31 23
19 39 56
43 21 29
42 40 63
11 44 53
47 39 94
50 20 22
6 37 14
16 20 77
11 58 12
2 56 8
5 59 17
23 45 39
13 34 49
33 6 33
34 33 25
16 11 64
7 44 87
43 2 81
27 11 73
9 10 29
23 51 18
15 8 53
57 45 88
25 49 14
7 54 36
57 17 31
22 55 31
44 43 7
38 45 10
10 35 22
26 3 60
21 52 64
25 31 83
14 9 46
53 44 27
6 28 5
57 49 29
42 15 95
23 18 56
36 37 74
56 6 46
43 42 35
28 29 85
